active 2
playing 0
playlist 0
position 2578
shuffle 797,199,5747,5754,5739,6892,4582,30,32,1091,484,7309,7333,2208,2197,2179
shuffle 2188,2175,2207,2185,2203,2191,2180,2209,7276,2872,7522,7793,7794,7795,7796,7801
shuffle 7802,7803,8184,8323,8325,6975,6925,4884,131,3702,6686,6636,6670,6673,8657,8658
shuffle 1813,1820,1818,1610,4576,4578,4562,4577,4572,3986,3978,1107,7782,7481,7480,5651
shuffle 5684,7416,7417,7473,7474,7578,7871,7845,7886,7887,7853,8502,8503,8505,8504,7217
shuffle 7261,7228,7262,7265,7325,7586,8175,8176,8177,8179,8178,8180,8181,8182,8194,8188
shuffle 8237,8195,8226,8238,8227,8209,8196,8228,8210,8229,8242,8253,8333,8330,8463,4339
shuffle 4286,5548,904,4484,956,6900,6006,8552,5997,6050,1099,7330,4114,2992,2991,2996
shuffle 6005,6007,6008,6009,6010,7810,7811,8131,8308,8312,8332,8455,6887,905,78,7733
shuffle 7760,7428,4481,889,5119,1148,8343,882,5948,6004,5700,5647,5750,5757,5771,6542
shuffle 8896,8878,8496,8648,8653,7619,1096,6021,6875,6876,6877,7103,7106,7219,7220,5942
shuffle 5943,6046,6047,4551,4606,5308,5321,5324,5536,5475,5476,5477,5528,5527,5803,8509
shuffle 8510,8876,8873,8357,8358,7616,7617,7547,7531,7532,8155,7346,8326,8157,8158,7791
shuffle 8501,3095,3116,919,920,921,1128,1129,1195,1208,1209,1810,1780,1781,1782,1767
shuffle 1768,1826,1827,1840,2120,2564,2584,2204,2205,2220,2223,2224,2576,2577,2578
resume-state 2
resume-time 242354
playlist 1
position 16
shuffle 2,3,4,5,66,67,68,69,16
resume-state 1
resume-time 29764
playlist 2
position 82
shuffle 15,30,147,224,275,48,14,69,71,73,80,83,85,183,184,282
shuffle 140,145,170,192,7,10,31,47,65,81,82
resume-state 1
resume-time 0
playlist 3
position 7
shuffle 255,260,210,211,212,217,218,235,192,193,151,142,137,138,219,220
shuffle 14,15,16,39,40,41,42,45,46,25,26,27,28,29,19,47
shuffle 55,6,7
resume-state 1
resume-time 167219
